            0        -2.85
            1        -7.15
            2       -11.45
            3       -16.15
            4       -21.65
            5       -28.15
            6       -35.55
            7       -43.15
            8       -50.15
            9       -55.85
           10       -59.85
           11       -61.75
           12       -62.25
           13       -61.75
           14       -61.15
           15       -60.75
           16       -61.25
           17       -62.45
           18       -63.95
           19       -65.45
           20       -66.65
           21       -67.35
           22       -67.65
           23       -67.45
           24       -66.85
           25       -66.15
           26       -65.25
           27       -64.15
           28       -62.75
           29       -60.95
           30       -58.85
           31       -56.15
           32       -53.15
           33       -49.75
           34       -46.35
           35       -42.85
           36       -39.65
           37       -36.65
           38       -33.75
           39       -31.05
           40       -28.35
           41       -25.55
           42       -22.85
           43       -20.35
           44       -18.15
           45       -16.65
           46       -15.75
           47       -15.65
           48       -16.05
           49       -16.95
           50       -18.05
           51       -19.35
           52       -20.75
           53       -22.25
           54       -23.75
           55       -25.25
           56       -26.85
           57       -28.45
           58       -30.05
           59       -31.65
           60       -33.25
           61       -34.85
           62       -36.45
           63       -38.05
           64       -39.65
           65       -41.25
           66       -42.95
           67       -44.55
           68       -46.25
           69       -47.85
           70       -49.45
           71       -51.05
           72       -52.45
           73       -53.75
           74       -54.85
           75       -55.85
           76       -56.45
           77       -56.95
           78       -57.25
           79       -57.45
           80       -57.85
           81       -58.45
           82       -59.25
           83       -60.45
           84       -61.65
           85       -63.05
           86       -64.55
           87       -65.95
           88       -67.45
           89       -68.85
           90       -70.45
           91       -72.05
           92       -73.75
           93       -75.55
           94       -77.45
           95       -79.45
           96       -81.45
           97       -83.25
           98       -84.75
           99       -85.85
          100       -86.35
          101       -86.25
          102       -85.45
          103       -83.55
          104       -80.65
          105       -76.35
          106       -70.65
          107       -63.55
          108       -55.05
          109       -45.05
          110       -33.65
          111       -20.75
          112        -6.45
          113         9.15
          114        25.65
          115        42.65
          116        59.85
          117        77.15
          118        94.15
          119       111.05
          120       127.45
